1 5
2 1
3 3
3 1
2 7
2 8
3 4
3 9
2 12
2 12
3 4
3 11
3 3
3 1
4 16
3 17
3 1
4 1
3 10
4 12
4 1
4 22
4 3
4 4
4 5
4 17
5 7
5 1
4 8
4 9
5 15
4 12
6 7
3 7
3 5
5 5
6 2
5 11
5 20
5 15
5 10
3 2
6 22
5 24
4 0
5 20
6 8
2 23
5 26
6 1
3 7
6 26
6 2
6 0
5 21
7 11
4 25
8 25
2 25
7 1
4 3
4 26
3 18
9 4
3 6
4 2
5 1
3 26
3 1
2 20
7 19
3 29
6 20
8 25
7 5
9 1
6 0
2 22
8 24
9 6
8 16
8 0
9 18
9 8
9 13
10 3
9 11
10 9
8 20
10 7
10 16
9 1
6 27
11 13
3 16
3 14
10 19
6 0
10 25
8 14
3 5
3 12
5 0
3 10
3 7
5 1
5 2
9 20
12 3
10 16
12 9
11 6
7 0
9 26
12 18
12 5
10 8
11 23
11 24
12 11
12 22
12 14
9 28
9 25
12 24
12 1
13 4
2 21
11 28
10 13
10 23
11 11
10 1
2 26
14 3
5 7
11 1
14 7
2 20
3 10
12 18
14 25
13 11
12 17
14 16
12 13
13 7
14 12
4 5
4 7
14 0
14 21
13 26
15 2
2 18
4 24
4 27
4 3
3 2
5 24
5 15
4 2
3 15
15 8
3 26
4 20
5 29
2 25
4 8
15 27
15 22
11 25
3 13
3 11
11 0
4 7
15 19
3 15
2 25
2 23
5 1
17 0
5 0
4 21
4 15
14 24
3 2
17 12
5 18
18 15
4 18
4 11
4 10
4 28
2 27
2 15
4 10
15 27
4 1
4 4
17 11
3 19
1 20
7 0
1 25
3 19
3 26
2 6
3 2
3 0
1 4
3 0
1 13
3 12
3 0
2 12
3 19
0 24
2 7
3 0
2 10
3 17
2 17
3 9
2 8
3 8
2 28
3 14
0 16
2 28
2 10
2 9
1 2
3 12
2 21
0 10
1 29
2 6
0 24
4 11
0 9
1 19
2 18
0 23
2 20
17 22
0 12
2 0
5 7
17 8
4 6
1 9
18 19
0 24
1 26
0 20
7 0
18 0
1 2
0 4
5 0
2 0
-1 -1
0 9
0 18
1 6
-1 -1
DUMP :
$$$ exec p1 : [./filler]

